$ 1 0.000005 10.20027730826997 50 5 43 5e-11
v 128 304 128 192 0 0 40 1 0 0 0.5
r 128 192 224 192 0 1000
r 224 192 224 304 0 1000
w 224 304 128 304 0
w 224 304 288 304 0
r 288 304 288 192 0 1000
w 288 192 224 192 0
r 288 192 384 192 0 1000
w 288 304 384 304 0
v 384 304 384 192 0 0 40 1 0 0 0.5
x 211 179 223 182 4 18 A
x 218 327 230 330 4 18 B
v 464 304 464 192 0 0 40 0.6666666666666666 0 0 0.5
r 464 192 560 192 0 333.3
r 560 192 560 304 0 1000
w 560 304 464 304 0
x 472 170 500 173 4 18 Rth
x 424 274 451 277 4 18 Vth
x 575 191 587 194 4 18 A
x 570 318 582 321 4 18 B
x 590 257 613 260 4 18 R2
x 185 257 208 260 4 18 R2
