$ 1 0.000005 10.20027730826997 50 5 43 5e-11
i 112 144 112 272 0 0.001
r 112 144 224 144 0 1000
w 224 144 224 80 0
r 224 80 384 80 0 1000
i 384 80 384 272 0 0.002
w 384 272 320 272 0
r 320 272 320 144 0 2000
v 320 144 224 144 0 0 40 2 0 0 0.5
r 320 272 224 272 0 250
r 224 272 224 144 0 1000
w 224 272 112 272 0
w 224 272 224 368 0
v 224 368 320 368 0 0 40 1 0 0 0.5
r 320 368 320 272 0 1000
g 320 368 320 400 0 0
x 259 342 291 345 4 12 V2\s1V
x 333 340 348 343 4 12 R6
x 261 123 293 126 4 12 V2\s2V
x 333 420 348 423 4 12 R6
x 418 197 428 200 4 12 I2
x 133 128 148 131 4 12 R1
x 321 63 336 66 4 12 R5
x 333 232 348 235 4 12 R2
x 129 191 139 194 4 12 I1
x 189 219 204 222 4 12 R3
x 256 248 271 251 4 12 R4
