$ 1 0.000005 10.20027730826997 59 5 43 5e-11
v 160 144 160 352 0 0 40 1 0 0 0.5
r 160 144 256 144 0 1894
v 368 144 256 144 0 0 40 6 0 0 0.5
w 368 144 448 144 0
r 448 224 448 352 0 1828
r 368 144 368 224 0 1724
v 368 224 368 352 0 0 40 -10 0 0 0.5
w 368 352 448 352 0
r 256 144 256 352 0 1212
w 256 352 368 352 0
w 256 352 160 352 0
370 448 144 448 224 1 0 2
p 448 352 528 352 1 0 0
w 528 352 528 144 0
w 528 144 448 144 0
x 117 258 139 261 4 18 V1
x 200 180 223 183 4 18 R1
x 295 173 317 176 4 18 V2
x 397 288 419 291 4 18 V3
x 220 263 243 266 4 18 R2
x 328 215 351 218 4 18 R3
x 466 277 489 280 4 18 R4
38 4 0 1000 2000 Resistance
